@tailwind base;
@tailwind components;
@tailwind utilities;
@layer base {
	:root {
		--radius: 0.5rem;

		--background: 36 39% 88%;
		--foreground: 36 45% 15%;
		--primary: 36 45% 70%;
		--primary-foreground: 36 45% 11%;
		--secondary: 40 35% 77%;
		--secondary-foreground: 36 45% 25%;
		--accent: 36 64% 57%;
		--accent-foreground: 36 72% 17%;
		--destructive: 0 84% 37%;
		--destructive-foreground: 0 0% 98%;
		--muted: 36 33% 75%;
		--muted-foreground: 36 45% 25%;
		--card: 36 46% 82%;
		--card-foreground: 36 45% 20%;
		--popover: 36 46% 82%;
		--popover-foreground: 36 45% 20%;
		--border: 36 45% 60%;
		--input: 36 45% 60%;
		--ring: 36 45% 30%;

		--chart-1: 251.4 91.3% 95.5%;
		--chart-1-foreground: 263.4 70% 50.4%;
		--chart-2: 355.6 100% 94.7%;
		--chart-2-foreground: 345.3 82.7% 40.8%;
		--chart-3: 214.3 94.6% 92.7%;
		--chart-3-foreground: 224.3 76.3% 48%;
		--chart-4: 167.2 85.5% 89.2%;
		--chart-4-foreground: 175.3 77.4% 26.1%;
		--chart-5: 48 96.5% 88.8%;
		--chart-5-foreground: 26 90.5% 37.1%;
	}
	.dark {
		--background: 338.2 10% 5%;
		--foreground: 210 20% 98%;
		--card: 338.2 10% 5%;
		--card-foreground: 215 37.9% 83.1%;
		--popover: 338.2 10% 5%;
		--popover-foreground: 215 37.9% 83.1%;
		--primary: 296.3 100% 79.9%;
		--primary-foreground: 298.3 38.8% 15%;
		--secondary: 334.3 10% 10%;
		--secondary-foreground: 215 37.9% 53.1%;
		--muted: 215 27.9% 16.9%;
		--muted-foreground: 217.9 10.6% 64.9%;
		--accent: 215 27.9% 16.9%;
		--accent-foreground: 210 20% 98%;
		--destructive: 0 62.8% 30.6%;
		--destructive-foreground: 210 20% 98%;
		--border: 215 27.9% 16.9%;
		--input: 215 27.9% 16.9%;
		--ring: 263.4 70% 50.4%;
		--radius: 0.5rem;

		--chart-1: 263.4 70% 50.4%;
		--chart-1-foreground: 251.4 91.3% 95.5%;
		--chart-2: 345.3 82.7% 40.8%;
		--chart-2-foreground: 355.6 100% 94.7%;
		--chart-3: 224.3 76.3% 48%;
		--chart-3-foreground: 214.3 94.6% 92.7%;
		--chart-4: 175.3 77.4% 26.1%;
		--chart-4-foreground: 167.2 85.5% 89.2%;
		--chart-5: 26 90.5% 37.1%;
		--chart-5-foreground: 48 96.5% 88.8%;

		--sidebar-background: 338 10% 2%;
		--sidebar-foreground: 215 38% 63%;
		--sidebar-primary: 296 100% 25%;
		--sidebar-primary-foreground: 298 39% 100%;
		--sidebar-accent: 334 10% 10%;
		--sidebar-accent-foreground: 215 37.9% 63.1%;
		--sidebar-border: 215 38% 45%;
		--sidebar-ring: 296 100% 72%;
	}
}

@layer base {
	* {
		@apply border-border;
		::selection {
			background-color: hsl(var(--primary) / 0.5);
			color: hsl(var(--primary-foreground));
		}
	}
	body {
		@apply bg-background text-foreground;
	}
}

@layer base {
	* {
		@apply border-border outline-ring/50;
	}
	body {
		@apply bg-background text-foreground;
	}

	/* Default light theme styles for code blocks */
	.astro-code,
	.astro-code span {
		color: var(--shiki-light) !important;
		background-color: var(--shiki-light-bg) !important;
		font-style: var(--shiki-light-font-style) !important;
		font-weight: var(--shiki-light-font-weight) !important;
		text-decoration: var(--shiki-light-text-decoration) !important;
	}

	/* Dark theme styles for code blocks */
	.dark .astro-code,
	.dark .astro-code span {
		color: var(--shiki-dark) !important;
		background-color: var(--shiki-dark-bg) !important;
		font-style: var(--shiki-dark-font-style) !important;
		font-weight: var(--shiki-dark-font-weight) !important;
		text-decoration: var(--shiki-dark-text-decoration) !important;
	}
}
